-10000.0 
-10443.0 
8681.0 
-10000.0 
-10000.0 
-10439.0 
-11754.0 
-3524.0 
-11758.0 
-10888.0 
-10000.0 
-10000.0 
-10000.0 
10000.0 
-10000.0 
-10000.0 
-10000.0 
-10000.0 
-10000.0 
-10000.0 
-10000.0 
-3504.0 
-3504.0 
-10000.0 
-3504.0 
-3504.0 
-3504.0 
-3504.0 
-3504.0 
-10000.0 
-3504.0 
-10000.0 
-10443.0 
9557.0 
-10443.0 
-10443.0 
-10443.0 
-10443.0 
-10443.0 
-10443.0 
-10443.0 
-3508.0 
-3510.0 
-11323.0 
-3510.0 
-11325.0 
-10445.0 
-10445.0 
-10445.0 
-11762.0 
-3510.0 
10000.0 
10000.0 
-10000.0 
-10000.0 
-10000.0 
-10000.0 
-10000.0 
-10000.0 
-10000.0 
-10000.0 
8246.0 
-10000.0 
-10880.0 
-11317.0 
-10443.0 
10000.0 
-11321.0 
-10443.0 
-10000.0 
-10443.0 
-10000.0 
-10000.0 
-10000.0 
-10000.0 
-10000.0 
-3504.0 
-3506.0 
-3514.0 
-10000.0 
10000.0 
-10443.0 
-3502.0 
-3502.0 
-3502.0 
-3502.0 
-10443.0 
-3514.0 
-3514.0 
-3502.0 
-3510.0 
-10000.0 
-10000.0 
8687.0 
-10000.0 
9561.0 
-10000.0 
-12626.0 
-10000.0 
-10439.0 
9124.0 
-10000.0 
-3534.0 
-10439.0 
-10000.0 
-10000.0 
9561.0 
-10000.0 
-10000.0 
-10000.0 
-10439.0 
-10000.0 
-10000.0 
-10876.0 
-10876.0 
-10000.0 
-10439.0 
-10000.0 
-10876.0 
-10000.0 
-10876.0 
-10000.0 
-10439.0 
-10000.0 
-10439.0 
-10000.0 
10000.0 
-10876.0 
-10439.0 
-10000.0 
9561.0 
-10876.0 
-10439.0 
-10439.0 
-10000.0 
-12187.0 
-10000.0 
-10876.0 
-10000.0 
-10439.0 
-10000.0 
-10439.0 
-10878.0 
9122.0 
-10439.0 
-10000.0 
-10000.0 
-10000.0 
-10000.0 
-10000.0 
-10000.0 
-10000.0 
-10000.0 
-10439.0 
-11319.0 
-10000.0 
-10000.0 
-10876.0 
-10000.0 
-10000.0 
10000.0 
-10445.0 
-3506.0 
-10445.0 
-10000.0 
-3506.0 
-10000.0 
-10445.0 
9555.0 
-10000.0 
9555.0 
9555.0 
-10445.0 
9555.0 
-10000.0 
-10445.0 
-10882.0 
-10000.0 
-12632.0 
-10000.0 
-10445.0 
-10445.0 
-10882.0 
-10445.0 
-10445.0 
-10882.0 
-11319.0 
-10000.0 
-10882.0 
9555.0 
-10445.0 
-10000.0 
-10000.0 
10000.0 
-10000.0 
-10000.0 
-13075.0 
-10445.0 
-10445.0 
-10000.0 
-10000.0 
-10000.0 
-10445.0 
10000.0 
9555.0 
-10445.0 
-10000.0 
9555.0 
10000.0 
-10882.0 
-10000.0 
-10000.0 
-10000.0 
-10000.0 
-10000.0 
-10000.0 
-10000.0 
-10000.0 
-10000.0 
10000.0 
-10000.0 
-10000.0 
-10000.0 
-10000.0 
-10000.0 
-10000.0 
-10000.0 
-10000.0 
-10000.0 
10000.0 
-10000.0 
-10000.0 
-10000.0 
-10000.0 
-10000.0 
-10000.0 
-10000.0 
-10000.0 
-10000.0 
-10000.0 
-10000.0 
-10000.0 
-10000.0 
-10000.0 
10000.0 
10000.0 
-10000.0 
-10000.0 
-10000.0 
-10000.0 
-10000.0 
-10000.0 
-10000.0 
-10000.0 
-10000.0 
-10000.0 
-10000.0 
-10000.0 
10000.0 
-10000.0 
-10000.0 
-10000.0 
-10000.0 
-10000.0 
-10000.0 
-10000.0 
-10000.0 
-10000.0 
-10000.0 
-10000.0 
-10000.0 
-10000.0 
-10000.0 
-10000.0 
-10000.0 
-10000.0 
-10000.0 
-10000.0 
-10000.0 
-10000.0 
-10000.0 
-10000.0 
-10000.0 
10000.0 
-10000.0 
-10000.0 
-10000.0 
-10000.0 
-10000.0 
-10000.0 
-10000.0 
-10000.0 
-10000.0 
-10000.0 
-10000.0 
-10000.0 
-10000.0 
-10000.0 
-10000.0 
-10000.0 
-10000.0 
-10000.0 
-10000.0 
-10000.0 
-10000.0 
-10000.0 
-10000.0 
-10000.0 
-10000.0 
-10000.0 
-10000.0 
-10000.0 
-10000.0 
-10000.0 
-10000.0 
-10000.0 
-10000.0 
10000.0 
-10000.0 
-10000.0 
-10000.0 
-10000.0 
-10000.0 
-10000.0 
-10000.0 
-10000.0 
-10000.0 
-10000.0 
-10000.0 
-10000.0 
-10000.0 
-10000.0 
-10000.0 
10000.0 
-10000.0 
-10000.0 
-10000.0 
-10000.0 
-10000.0 
-10000.0 
-10000.0 
10000.0 
10000.0 
-10000.0 
-10000.0 
-10000.0 
-10000.0 
-10000.0 
10000.0 
-10000.0 
-10000.0 
-10000.0 
-10000.0 
-10000.0 
10000.0 
-10000.0 
-10000.0 
10000.0 
-10000.0 
10000.0 
-10000.0 
-10000.0 
-10000.0 
-10000.0 
-10000.0 
-10000.0 
-10000.0 
-10000.0 
-10000.0 
-10000.0 
-10000.0 
-10000.0 
-10000.0 
10000.0 
-10000.0 
10000.0 
-10000.0 
-10000.0 
10000.0 
-10000.0 
-10000.0 
-10000.0 
-10000.0 
-10000.0 
-10000.0 
-10000.0 
-10000.0 
-10000.0 
-10000.0 
-10000.0 
-10000.0 
-10000.0 
-10000.0 
-10000.0 
-10000.0 
-10000.0 
10000.0 
-10000.0 
-10000.0 
-10000.0 
-10000.0 
-10000.0 
-10000.0 
-10000.0 
-10000.0 
-10000.0 
-10000.0 
-10000.0 
-10000.0 
10000.0 
-10000.0 
-10000.0 
-10000.0 
10000.0 
-10000.0 
-10000.0 
-10000.0 
-10000.0 
-10000.0 
-10000.0 
-10000.0 
-10000.0 
-10000.0 
-10000.0 
-10000.0 
-10000.0 
-10000.0 
10000.0 
-10000.0 
-10000.0 
-10000.0 
-10000.0 
-10000.0 
-10000.0 
-10000.0 
-10000.0 
-10000.0 
10000.0 
-10000.0 
-10000.0 
-10000.0 
-10000.0 
-10000.0 
-10000.0 
10000.0 
-10000.0 
-10000.0 
-10000.0 
-10000.0 
-10000.0 
-10000.0 
-10000.0 
-10000.0 
-10000.0 
10000.0 
-10000.0 
-10000.0 
-10000.0 
-10000.0 
-10000.0 
-10000.0 
-10000.0 
-10000.0 
-10000.0 
-10000.0 
-10000.0 
-10000.0 
-10000.0 
-10000.0 
-10000.0 
-10000.0 
-10000.0 
-10000.0 
-10000.0 
-10000.0 
-10000.0 
-10000.0 
-10000.0 
-10000.0 
-10000.0 
-10000.0 
-10000.0 
-10000.0 
-10000.0 
-10000.0 
-10000.0 
-10000.0 
-10000.0 
-10000.0 
-10000.0 
-10000.0 
-10000.0 
-10000.0 
-10000.0 
-10000.0 
-10000.0 
-10000.0 
-10000.0 
10000.0 
-10000.0 
-10000.0 
-10000.0 
-10000.0 
-10000.0 
-10000.0 
10000.0 
-10000.0 
-10000.0 
-10000.0 
10000.0 
-10000.0 
-10000.0 
-10000.0 
-10000.0 
-10000.0 
-10000.0 
-10000.0 
10000.0 
-10000.0 
10000.0 
-10000.0 
-10000.0 
-10000.0 
-10000.0 
-10000.0 
-10000.0 
-10000.0 
-10000.0 
-10000.0 
-10000.0 
-10000.0 
-10000.0 
10000.0 
-10000.0 
-10000.0 
-10000.0 
-10000.0 
-10000.0 
-10000.0 
-10000.0 
-10000.0 
-10000.0 
-10000.0 
-10000.0 
-10000.0 
10000.0 
-10000.0 
-10000.0 
-10000.0 
-10000.0 
-10000.0 
-10000.0 
-10000.0 
-10000.0 
-10000.0 
10000.0 
-10000.0 
10000.0 
-10000.0 
-10000.0 
-10000.0 
-10000.0 
-10000.0 
-10000.0 
-10000.0 
-10000.0 
-10000.0 
10000.0 
-10000.0 
-10000.0 
-10000.0 
10000.0 
-10000.0 
-10000.0 
-10000.0 
-10000.0 
-10000.0 
-10000.0 
-10000.0 
-10000.0 
-10000.0 
-10000.0 
-10000.0 
-10000.0 
-10000.0 
10000.0 
-10000.0 
-10000.0 
-10000.0 
-10000.0 
-10000.0 
-10000.0 
10000.0 
-10000.0 
10000.0 
-10000.0 
-10000.0 
-10000.0 
-10000.0 
-10000.0 
-10000.0 
-10000.0 
-10000.0 
-10000.0 
-10000.0 
10000.0 
10000.0 
-10000.0 
-10000.0 
-10000.0 
-10000.0 
10000.0 
-10000.0 
-10000.0 
-10000.0 
-10000.0 
-10000.0 
-10000.0 
-10000.0 
-10000.0 
-10000.0 
-10000.0 
-10000.0 
-10000.0 
-10000.0 
-10000.0 
-10000.0 
-10000.0 
-10000.0 
-10000.0 
-10000.0 
-10000.0 
-10000.0 
-10000.0 
-10000.0 
-10000.0 
-10000.0 
-10000.0 
-10000.0 
-10000.0 
-10000.0 
-10000.0 
-10000.0 
-10000.0 
-10000.0 
-10000.0 
-10000.0 
-10000.0 
-10000.0 
-10000.0 
-10000.0 
-10000.0 
-10000.0 
-10000.0 
-10000.0 
-10000.0 
-10000.0 
-10000.0 
-10000.0 
-10000.0 
10000.0 
-10000.0 
-10000.0 
-10000.0 
10000.0 
-10000.0 
10000.0 
-10000.0 
10000.0 
-10000.0 
-10000.0 
-10000.0 
-10000.0 
-10000.0 
-10000.0 
10000.0 
-10000.0 
-10000.0 
-10000.0 
-10000.0 
-10000.0 
-10000.0 
-10000.0 
-10000.0 
-10000.0 
-10000.0 
-10000.0 
-10000.0 
-10000.0 
-10000.0 
-10000.0 
-10000.0 
-10000.0 
-10000.0 
10000.0 
-10000.0 
-10000.0 
-10000.0 
10000.0 
-10000.0 
-10000.0 
-10000.0 
-10000.0 
-10000.0 
-10000.0 
10000.0 
-10000.0 
-10000.0 
-10000.0 
-10000.0 
-10000.0 
-10000.0 
10000.0 
-10000.0 
-10000.0 
-10000.0 
-10000.0 
-10000.0 
-10000.0 
-10000.0 
10000.0 
-10000.0 
10000.0 
-10000.0 
10000.0 
-10000.0 
-10000.0 
-10000.0 
-10000.0 
10000.0 
10000.0 
-10000.0 
-10000.0 
-10000.0 
10000.0 
10000.0 
-10000.0 
-10000.0 
-10000.0 
-10000.0 
-10000.0 
-10000.0 
10000.0 
-10000.0 
-10000.0 
-10000.0 
-10000.0 
-10000.0 
-10000.0 
-10000.0 
-10000.0 
-10000.0 
-10000.0 
10000.0 
-10000.0 
-10000.0 
-10000.0 
10000.0 
10000.0 
-10000.0 
-10000.0 
-10000.0 
-10000.0 
-10000.0 
-10000.0 
-10000.0 
-10000.0 
-10000.0 
-10000.0 
-10000.0 
-10000.0 
-10000.0 
10000.0 
-10000.0 
-10000.0 
-10000.0 
-10000.0 
-10000.0 
-10000.0 
-10000.0 
-10000.0 
10000.0 
-10000.0 
-10000.0 
-10000.0 
10000.0 
-10000.0 
-10000.0 
-10000.0 
-10000.0 
-10000.0 
-10000.0 
-10000.0 
-10000.0 
-10000.0 
-10000.0 
-10000.0 
-10000.0 
-10000.0 
-10000.0 
-10000.0 
-10000.0 
-10000.0 
-10000.0 
-10000.0 
-10000.0 
-10000.0 
-10000.0 
-10000.0 
-10000.0 
10000.0 
-10000.0 
10000.0 
-10000.0 
-10000.0 
-10000.0 
-10000.0 
-10000.0 
-10000.0 
-10000.0 
-10000.0 
-10000.0 
10000.0 
-10000.0 
-10000.0 
-10000.0 
-10000.0 
-10000.0 
10000.0 
-10000.0 
-10000.0 
-10000.0 
-10000.0 
-10000.0 
-10000.0 
-10000.0 
-10000.0 
-10000.0 
10000.0 
-10000.0 
-10000.0 
-10000.0 
-10000.0 
-10000.0 
-10000.0 
-10000.0 
-10000.0 
-10000.0 
-10000.0 
-10000.0 
10000.0 
-10000.0 
-10000.0 
-10000.0 
-10000.0 
10000.0 
-10000.0 
-10000.0 
10000.0 
-10000.0 
10000.0 
-10000.0 
-10000.0 
-10000.0 
-10000.0 
-10000.0 
-10000.0 
-10000.0 
-10000.0 
10000.0 
-10000.0 
10000.0 
-10000.0 
10000.0 
-10000.0 
-10000.0 
-10000.0 
-10000.0 
-10000.0 
-10000.0 
-10000.0 
-10000.0 
-10000.0 
-10000.0 
-10000.0 
-10000.0 
-10000.0 
-10000.0 
-10000.0 
-10000.0 
-10000.0 
-10000.0 
-10000.0 
10000.0 
-10000.0 
-10000.0 
-10000.0 
-10000.0 
-10000.0 
-10000.0 
-10000.0 
-10000.0 
-10000.0 
-10000.0 
-10000.0 
-10000.0 
-10000.0 
-10000.0 
-10000.0 
-10000.0 
-10000.0 
-10000.0 
-10000.0 
-10000.0 
-10000.0 
-10000.0 
10000.0 
10000.0 
-10000.0 
10000.0 
-10000.0 
-10000.0 
10000.0 
-10000.0 
-10000.0 
-10000.0 
-10000.0 
-10000.0 
-10000.0 
-10000.0 
-10000.0 
-10000.0 
-10000.0 
-10000.0 
-10000.0 
-10000.0 
10000.0 
10000.0 
-10000.0 
-10000.0 
-10000.0 
-10000.0 
10000.0 
-10000.0 
-10000.0 
-10000.0 
-10000.0 
-10000.0 
-10000.0 
-10000.0 
-10000.0 
-10000.0 
-10000.0 
-10000.0 
-10000.0 
-10000.0 
-10000.0 
-10000.0 
-10000.0 
-10000.0 
10000.0 
-10000.0 
-10000.0 
-10000.0 
-10000.0 
-10000.0 
-10000.0 
-10000.0 
10000.0 
-10000.0 
-10000.0 
-10000.0 
-10000.0 
-10000.0 
-10000.0 
-10000.0 
-10000.0 
-10000.0 
-10000.0 
-10000.0 
-10000.0 
-10000.0 
-10000.0 
-10000.0 
-10000.0 
-10000.0 
-10000.0 
-10000.0 
-10000.0 
-10000.0 
-10000.0 
-10000.0 
10000.0 
-10000.0 
-10000.0 
-10000.0 
-10000.0 
-10000.0 
-10000.0 
-10000.0 
